{
 "cells": [
  {
   "cell_type": "code",
   "execution_count": 31,
   "id": "57797ade",
   "metadata": {},
   "outputs": [],
   "source": [
    "import warnings\n",
    "warnings.filterwarnings('ignore')"
   ]
  },
  {
   "cell_type": "code",
   "execution_count": 32,
   "id": "c8e61701",
   "metadata": {},
   "outputs": [
    {
     "name": "stderr",
     "output_type": "stream",
     "text": [
      "[*********************100%***********************]  10 of 10 completed\n"
     ]
    }
   ],
   "source": [
    "import yfinance as yf\n",
    "import pandas as pd\n",
    "\n",
    "# Download 10 stock data\n",
    "START_DATE = \"2023-08-30\"\n",
    "END_DATE = \"2025-08-30\"\n",
    "\n",
    "stocks = [\n",
    "    'HDFCBANK.NS',  # HDFC Bank Ltd.\n",
    "    'ITC.NS',       # ITC Ltd.      \n",
    "    'TCS.NS',       # Tata Consultancy Services\n",
    "    'RELIANCE.NS',  # Reliance Industries Ltd.\n",
    "    'COALINDIA.NS', # Coal India Ltd.\n",
    "    'INFY.NS',      # Infosys Ltd.\n",
    "    'BAJFINANCE.NS',# Bajaj Finance Ltd.\n",
    "    'ASIANPAINT.NS',# Asian Paints Ltd.\n",
    "    'LT.NS',        # Larsen & Toubro Ltd.\n",
    "    'BEL.NS'        # Bharat Electronics Ltd.\n",
    "]\n",
    "\n",
    "\n",
    "raw_data = yf.download(stocks, start = START_DATE, end = END_DATE)\n",
    "\n",
    "data = raw_data['Close']"
   ]
  },
  {
   "cell_type": "code",
   "execution_count": 33,
   "id": "6dd696b3",
   "metadata": {},
   "outputs": [
    {
     "data": {
      "text/html": [
       "<div>\n",
       "<style scoped>\n",
       "    .dataframe tbody tr th:only-of-type {\n",
       "        vertical-align: middle;\n",
       "    }\n",
       "\n",
       "    .dataframe tbody tr th {\n",
       "        vertical-align: top;\n",
       "    }\n",
       "\n",
       "    .dataframe thead th {\n",
       "        text-align: right;\n",
       "    }\n",
       "</style>\n",
       "<table border=\"1\" class=\"dataframe\">\n",
       "  <thead>\n",
       "    <tr style=\"text-align: right;\">\n",
       "      <th>Ticker</th>\n",
       "      <th>ASIANPAINT.NS</th>\n",
       "      <th>BAJFINANCE.NS</th>\n",
       "      <th>BEL.NS</th>\n",
       "      <th>COALINDIA.NS</th>\n",
       "      <th>HDFCBANK.NS</th>\n",
       "      <th>INFY.NS</th>\n",
       "      <th>ITC.NS</th>\n",
       "      <th>LT.NS</th>\n",
       "      <th>RELIANCE.NS</th>\n",
       "      <th>TCS.NS</th>\n",
       "    </tr>\n",
       "    <tr>\n",
       "      <th>Date</th>\n",
       "      <th></th>\n",
       "      <th></th>\n",
       "      <th></th>\n",
       "      <th></th>\n",
       "      <th></th>\n",
       "      <th></th>\n",
       "      <th></th>\n",
       "      <th></th>\n",
       "      <th></th>\n",
       "      <th></th>\n",
       "    </tr>\n",
       "  </thead>\n",
       "  <tbody>\n",
       "    <tr>\n",
       "      <th>2023-08-30</th>\n",
       "      <td>3222.139160</td>\n",
       "      <td>719.722351</td>\n",
       "      <td>132.162628</td>\n",
       "      <td>197.842957</td>\n",
       "      <td>761.769226</td>\n",
       "      <td>1362.069092</td>\n",
       "      <td>414.485626</td>\n",
       "      <td>2663.034668</td>\n",
       "      <td>1200.142212</td>\n",
       "      <td>3285.771240</td>\n",
       "    </tr>\n",
       "    <tr>\n",
       "      <th>2023-08-31</th>\n",
       "      <td>3184.389404</td>\n",
       "      <td>709.314819</td>\n",
       "      <td>130.836563</td>\n",
       "      <td>198.967331</td>\n",
       "      <td>758.270874</td>\n",
       "      <td>1362.353638</td>\n",
       "      <td>411.583862</td>\n",
       "      <td>2656.841553</td>\n",
       "      <td>1194.657715</td>\n",
       "      <td>3252.681152</td>\n",
       "    </tr>\n",
       "    <tr>\n",
       "      <th>2023-09-01</th>\n",
       "      <td>3187.763672</td>\n",
       "      <td>724.921143</td>\n",
       "      <td>135.404068</td>\n",
       "      <td>204.891785</td>\n",
       "      <td>759.839111</td>\n",
       "      <td>1370.326050</td>\n",
       "      <td>412.847534</td>\n",
       "      <td>2656.251953</td>\n",
       "      <td>1197.461914</td>\n",
       "      <td>3274.385986</td>\n",
       "    </tr>\n",
       "    <tr>\n",
       "      <th>2023-09-04</th>\n",
       "      <td>3164.291992</td>\n",
       "      <td>719.935303</td>\n",
       "      <td>138.056152</td>\n",
       "      <td>214.319077</td>\n",
       "      <td>764.592041</td>\n",
       "      <td>1390.494019</td>\n",
       "      <td>409.524536</td>\n",
       "      <td>2665.099121</td>\n",
       "      <td>1196.494141</td>\n",
       "      <td>3312.467285</td>\n",
       "    </tr>\n",
       "    <tr>\n",
       "      <th>2023-09-05</th>\n",
       "      <td>3152.311768</td>\n",
       "      <td>727.347290</td>\n",
       "      <td>137.221222</td>\n",
       "      <td>220.848953</td>\n",
       "      <td>759.935669</td>\n",
       "      <td>1403.591309</td>\n",
       "      <td>414.766449</td>\n",
       "      <td>2686.578125</td>\n",
       "      <td>1202.896851</td>\n",
       "      <td>3322.980469</td>\n",
       "    </tr>\n",
       "  </tbody>\n",
       "</table>\n",
       "</div>"
      ],
      "text/plain": [
       "Ticker      ASIANPAINT.NS  BAJFINANCE.NS      BEL.NS  COALINDIA.NS  \\\n",
       "Date                                                                 \n",
       "2023-08-30    3222.139160     719.722351  132.162628    197.842957   \n",
       "2023-08-31    3184.389404     709.314819  130.836563    198.967331   \n",
       "2023-09-01    3187.763672     724.921143  135.404068    204.891785   \n",
       "2023-09-04    3164.291992     719.935303  138.056152    214.319077   \n",
       "2023-09-05    3152.311768     727.347290  137.221222    220.848953   \n",
       "\n",
       "Ticker      HDFCBANK.NS      INFY.NS      ITC.NS        LT.NS  RELIANCE.NS  \\\n",
       "Date                                                                         \n",
       "2023-08-30   761.769226  1362.069092  414.485626  2663.034668  1200.142212   \n",
       "2023-08-31   758.270874  1362.353638  411.583862  2656.841553  1194.657715   \n",
       "2023-09-01   759.839111  1370.326050  412.847534  2656.251953  1197.461914   \n",
       "2023-09-04   764.592041  1390.494019  409.524536  2665.099121  1196.494141   \n",
       "2023-09-05   759.935669  1403.591309  414.766449  2686.578125  1202.896851   \n",
       "\n",
       "Ticker           TCS.NS  \n",
       "Date                     \n",
       "2023-08-30  3285.771240  \n",
       "2023-08-31  3252.681152  \n",
       "2023-09-01  3274.385986  \n",
       "2023-09-04  3312.467285  \n",
       "2023-09-05  3322.980469  "
      ]
     },
     "execution_count": 33,
     "metadata": {},
     "output_type": "execute_result"
    }
   ],
   "source": [
    "data.head()"
   ]
  },
  {
   "cell_type": "code",
   "execution_count": 34,
   "id": "555fb54e",
   "metadata": {},
   "outputs": [
    {
     "data": {
      "text/plain": [
       "Ticker\n",
       "ASIANPAINT.NS    494\n",
       "BAJFINANCE.NS    494\n",
       "BEL.NS           494\n",
       "COALINDIA.NS     494\n",
       "HDFCBANK.NS      494\n",
       "INFY.NS          494\n",
       "ITC.NS           494\n",
       "LT.NS            494\n",
       "RELIANCE.NS      494\n",
       "TCS.NS           494\n",
       "dtype: int64"
      ]
     },
     "execution_count": 34,
     "metadata": {},
     "output_type": "execute_result"
    }
   ],
   "source": [
    "data.count()"
   ]
  },
  {
   "cell_type": "code",
   "execution_count": 35,
   "id": "8eb3c1e0",
   "metadata": {},
   "outputs": [
    {
     "data": {
      "text/plain": [
       "False"
      ]
     },
     "execution_count": 35,
     "metadata": {},
     "output_type": "execute_result"
    }
   ],
   "source": [
    "data.isnull().values.any()"
   ]
  },
  {
   "cell_type": "code",
   "execution_count": 36,
   "id": "a02a4cf0",
   "metadata": {},
   "outputs": [
    {
     "data": {
      "text/html": [
       "<div>\n",
       "<style scoped>\n",
       "    .dataframe tbody tr th:only-of-type {\n",
       "        vertical-align: middle;\n",
       "    }\n",
       "\n",
       "    .dataframe tbody tr th {\n",
       "        vertical-align: top;\n",
       "    }\n",
       "\n",
       "    .dataframe thead th {\n",
       "        text-align: right;\n",
       "    }\n",
       "</style>\n",
       "<table border=\"1\" class=\"dataframe\">\n",
       "  <thead>\n",
       "    <tr style=\"text-align: right;\">\n",
       "      <th>Ticker</th>\n",
       "      <th>ASIANPAINT.NS</th>\n",
       "      <th>BAJFINANCE.NS</th>\n",
       "      <th>BEL.NS</th>\n",
       "      <th>COALINDIA.NS</th>\n",
       "      <th>HDFCBANK.NS</th>\n",
       "      <th>INFY.NS</th>\n",
       "      <th>ITC.NS</th>\n",
       "      <th>LT.NS</th>\n",
       "      <th>RELIANCE.NS</th>\n",
       "      <th>TCS.NS</th>\n",
       "    </tr>\n",
       "    <tr>\n",
       "      <th>Date</th>\n",
       "      <th></th>\n",
       "      <th></th>\n",
       "      <th></th>\n",
       "      <th></th>\n",
       "      <th></th>\n",
       "      <th></th>\n",
       "      <th></th>\n",
       "      <th></th>\n",
       "      <th></th>\n",
       "      <th></th>\n",
       "    </tr>\n",
       "  </thead>\n",
       "  <tbody>\n",
       "    <tr>\n",
       "      <th>2023-08-30</th>\n",
       "      <td>3222.139160</td>\n",
       "      <td>719.722351</td>\n",
       "      <td>132.162628</td>\n",
       "      <td>197.842957</td>\n",
       "      <td>761.769226</td>\n",
       "      <td>1362.069092</td>\n",
       "      <td>414.485626</td>\n",
       "      <td>2663.034668</td>\n",
       "      <td>1200.142212</td>\n",
       "      <td>3285.771240</td>\n",
       "    </tr>\n",
       "    <tr>\n",
       "      <th>2023-08-31</th>\n",
       "      <td>3184.389404</td>\n",
       "      <td>709.314819</td>\n",
       "      <td>130.836563</td>\n",
       "      <td>198.967331</td>\n",
       "      <td>758.270874</td>\n",
       "      <td>1362.353638</td>\n",
       "      <td>411.583862</td>\n",
       "      <td>2656.841553</td>\n",
       "      <td>1194.657715</td>\n",
       "      <td>3252.681152</td>\n",
       "    </tr>\n",
       "    <tr>\n",
       "      <th>2023-09-01</th>\n",
       "      <td>3187.763672</td>\n",
       "      <td>724.921143</td>\n",
       "      <td>135.404068</td>\n",
       "      <td>204.891785</td>\n",
       "      <td>759.839111</td>\n",
       "      <td>1370.326050</td>\n",
       "      <td>412.847534</td>\n",
       "      <td>2656.251953</td>\n",
       "      <td>1197.461914</td>\n",
       "      <td>3274.385986</td>\n",
       "    </tr>\n",
       "    <tr>\n",
       "      <th>2023-09-04</th>\n",
       "      <td>3164.291992</td>\n",
       "      <td>719.935303</td>\n",
       "      <td>138.056152</td>\n",
       "      <td>214.319077</td>\n",
       "      <td>764.592041</td>\n",
       "      <td>1390.494019</td>\n",
       "      <td>409.524536</td>\n",
       "      <td>2665.099121</td>\n",
       "      <td>1196.494141</td>\n",
       "      <td>3312.467285</td>\n",
       "    </tr>\n",
       "    <tr>\n",
       "      <th>2023-09-05</th>\n",
       "      <td>3152.311768</td>\n",
       "      <td>727.347290</td>\n",
       "      <td>137.221222</td>\n",
       "      <td>220.848953</td>\n",
       "      <td>759.935669</td>\n",
       "      <td>1403.591309</td>\n",
       "      <td>414.766449</td>\n",
       "      <td>2686.578125</td>\n",
       "      <td>1202.896851</td>\n",
       "      <td>3322.980469</td>\n",
       "    </tr>\n",
       "  </tbody>\n",
       "</table>\n",
       "</div>"
      ],
      "text/plain": [
       "Ticker      ASIANPAINT.NS  BAJFINANCE.NS      BEL.NS  COALINDIA.NS  \\\n",
       "Date                                                                 \n",
       "2023-08-30    3222.139160     719.722351  132.162628    197.842957   \n",
       "2023-08-31    3184.389404     709.314819  130.836563    198.967331   \n",
       "2023-09-01    3187.763672     724.921143  135.404068    204.891785   \n",
       "2023-09-04    3164.291992     719.935303  138.056152    214.319077   \n",
       "2023-09-05    3152.311768     727.347290  137.221222    220.848953   \n",
       "\n",
       "Ticker      HDFCBANK.NS      INFY.NS      ITC.NS        LT.NS  RELIANCE.NS  \\\n",
       "Date                                                                         \n",
       "2023-08-30   761.769226  1362.069092  414.485626  2663.034668  1200.142212   \n",
       "2023-08-31   758.270874  1362.353638  411.583862  2656.841553  1194.657715   \n",
       "2023-09-01   759.839111  1370.326050  412.847534  2656.251953  1197.461914   \n",
       "2023-09-04   764.592041  1390.494019  409.524536  2665.099121  1196.494141   \n",
       "2023-09-05   759.935669  1403.591309  414.766449  2686.578125  1202.896851   \n",
       "\n",
       "Ticker           TCS.NS  \n",
       "Date                     \n",
       "2023-08-30  3285.771240  \n",
       "2023-08-31  3252.681152  \n",
       "2023-09-01  3274.385986  \n",
       "2023-09-04  3312.467285  \n",
       "2023-09-05  3322.980469  "
      ]
     },
     "execution_count": 36,
     "metadata": {},
     "output_type": "execute_result"
    }
   ],
   "source": [
    "estimation_data = data.iloc[:248] # using half of the data for estimating mu and sigma^2\n",
    "\n",
    "estimation_data.head()"
   ]
  },
  {
   "cell_type": "code",
   "execution_count": 37,
   "id": "57a0b4b4",
   "metadata": {},
   "outputs": [
    {
     "data": {
      "text/html": [
       "<div>\n",
       "<style scoped>\n",
       "    .dataframe tbody tr th:only-of-type {\n",
       "        vertical-align: middle;\n",
       "    }\n",
       "\n",
       "    .dataframe tbody tr th {\n",
       "        vertical-align: top;\n",
       "    }\n",
       "\n",
       "    .dataframe thead th {\n",
       "        text-align: right;\n",
       "    }\n",
       "</style>\n",
       "<table border=\"1\" class=\"dataframe\">\n",
       "  <thead>\n",
       "    <tr style=\"text-align: right;\">\n",
       "      <th>Ticker</th>\n",
       "      <th>ASIANPAINT.NS</th>\n",
       "      <th>BAJFINANCE.NS</th>\n",
       "      <th>BEL.NS</th>\n",
       "      <th>COALINDIA.NS</th>\n",
       "      <th>HDFCBANK.NS</th>\n",
       "      <th>INFY.NS</th>\n",
       "      <th>ITC.NS</th>\n",
       "      <th>LT.NS</th>\n",
       "      <th>RELIANCE.NS</th>\n",
       "      <th>TCS.NS</th>\n",
       "    </tr>\n",
       "    <tr>\n",
       "      <th>Date</th>\n",
       "      <th></th>\n",
       "      <th></th>\n",
       "      <th></th>\n",
       "      <th></th>\n",
       "      <th></th>\n",
       "      <th></th>\n",
       "      <th></th>\n",
       "      <th></th>\n",
       "      <th></th>\n",
       "      <th></th>\n",
       "    </tr>\n",
       "  </thead>\n",
       "  <tbody>\n",
       "    <tr>\n",
       "      <th>2023-08-30</th>\n",
       "      <td>NaN</td>\n",
       "      <td>NaN</td>\n",
       "      <td>NaN</td>\n",
       "      <td>NaN</td>\n",
       "      <td>NaN</td>\n",
       "      <td>NaN</td>\n",
       "      <td>NaN</td>\n",
       "      <td>NaN</td>\n",
       "      <td>NaN</td>\n",
       "      <td>NaN</td>\n",
       "    </tr>\n",
       "    <tr>\n",
       "      <th>2023-08-31</th>\n",
       "      <td>3222.139160</td>\n",
       "      <td>719.722351</td>\n",
       "      <td>132.162628</td>\n",
       "      <td>197.842957</td>\n",
       "      <td>761.769226</td>\n",
       "      <td>1362.069092</td>\n",
       "      <td>414.485626</td>\n",
       "      <td>2663.034668</td>\n",
       "      <td>1200.142212</td>\n",
       "      <td>3285.771240</td>\n",
       "    </tr>\n",
       "    <tr>\n",
       "      <th>2023-09-01</th>\n",
       "      <td>3184.389404</td>\n",
       "      <td>709.314819</td>\n",
       "      <td>130.836563</td>\n",
       "      <td>198.967331</td>\n",
       "      <td>758.270874</td>\n",
       "      <td>1362.353638</td>\n",
       "      <td>411.583862</td>\n",
       "      <td>2656.841553</td>\n",
       "      <td>1194.657715</td>\n",
       "      <td>3252.681152</td>\n",
       "    </tr>\n",
       "    <tr>\n",
       "      <th>2023-09-04</th>\n",
       "      <td>3187.763672</td>\n",
       "      <td>724.921143</td>\n",
       "      <td>135.404068</td>\n",
       "      <td>204.891785</td>\n",
       "      <td>759.839111</td>\n",
       "      <td>1370.326050</td>\n",
       "      <td>412.847534</td>\n",
       "      <td>2656.251953</td>\n",
       "      <td>1197.461914</td>\n",
       "      <td>3274.385986</td>\n",
       "    </tr>\n",
       "    <tr>\n",
       "      <th>2023-09-05</th>\n",
       "      <td>3164.291992</td>\n",
       "      <td>719.935303</td>\n",
       "      <td>138.056152</td>\n",
       "      <td>214.319077</td>\n",
       "      <td>764.592041</td>\n",
       "      <td>1390.494019</td>\n",
       "      <td>409.524536</td>\n",
       "      <td>2665.099121</td>\n",
       "      <td>1196.494141</td>\n",
       "      <td>3312.467285</td>\n",
       "    </tr>\n",
       "  </tbody>\n",
       "</table>\n",
       "</div>"
      ],
      "text/plain": [
       "Ticker      ASIANPAINT.NS  BAJFINANCE.NS      BEL.NS  COALINDIA.NS  \\\n",
       "Date                                                                 \n",
       "2023-08-30            NaN            NaN         NaN           NaN   \n",
       "2023-08-31    3222.139160     719.722351  132.162628    197.842957   \n",
       "2023-09-01    3184.389404     709.314819  130.836563    198.967331   \n",
       "2023-09-04    3187.763672     724.921143  135.404068    204.891785   \n",
       "2023-09-05    3164.291992     719.935303  138.056152    214.319077   \n",
       "\n",
       "Ticker      HDFCBANK.NS      INFY.NS      ITC.NS        LT.NS  RELIANCE.NS  \\\n",
       "Date                                                                         \n",
       "2023-08-30          NaN          NaN         NaN          NaN          NaN   \n",
       "2023-08-31   761.769226  1362.069092  414.485626  2663.034668  1200.142212   \n",
       "2023-09-01   758.270874  1362.353638  411.583862  2656.841553  1194.657715   \n",
       "2023-09-04   759.839111  1370.326050  412.847534  2656.251953  1197.461914   \n",
       "2023-09-05   764.592041  1390.494019  409.524536  2665.099121  1196.494141   \n",
       "\n",
       "Ticker           TCS.NS  \n",
       "Date                     \n",
       "2023-08-30          NaN  \n",
       "2023-08-31  3285.771240  \n",
       "2023-09-01  3252.681152  \n",
       "2023-09-04  3274.385986  \n",
       "2023-09-05  3312.467285  "
      ]
     },
     "execution_count": 37,
     "metadata": {},
     "output_type": "execute_result"
    }
   ],
   "source": [
    "estimation_data.shift(1).head()"
   ]
  },
  {
   "cell_type": "code",
   "execution_count": 38,
   "id": "7b07d13d",
   "metadata": {},
   "outputs": [],
   "source": [
    "# Instead of: returns = estimation_data - estimation_data.shift(1)\n",
    "returns = estimation_data.pct_change().dropna()\n"
   ]
  },
  {
   "cell_type": "code",
   "execution_count": 39,
   "id": "c7037a66",
   "metadata": {},
   "outputs": [
    {
     "data": {
      "text/html": [
       "<div>\n",
       "<style scoped>\n",
       "    .dataframe tbody tr th:only-of-type {\n",
       "        vertical-align: middle;\n",
       "    }\n",
       "\n",
       "    .dataframe tbody tr th {\n",
       "        vertical-align: top;\n",
       "    }\n",
       "\n",
       "    .dataframe thead th {\n",
       "        text-align: right;\n",
       "    }\n",
       "</style>\n",
       "<table border=\"1\" class=\"dataframe\">\n",
       "  <thead>\n",
       "    <tr style=\"text-align: right;\">\n",
       "      <th>Ticker</th>\n",
       "      <th>ASIANPAINT.NS</th>\n",
       "      <th>BAJFINANCE.NS</th>\n",
       "      <th>BEL.NS</th>\n",
       "      <th>COALINDIA.NS</th>\n",
       "      <th>HDFCBANK.NS</th>\n",
       "      <th>INFY.NS</th>\n",
       "      <th>ITC.NS</th>\n",
       "      <th>LT.NS</th>\n",
       "      <th>RELIANCE.NS</th>\n",
       "      <th>TCS.NS</th>\n",
       "    </tr>\n",
       "    <tr>\n",
       "      <th>Date</th>\n",
       "      <th></th>\n",
       "      <th></th>\n",
       "      <th></th>\n",
       "      <th></th>\n",
       "      <th></th>\n",
       "      <th></th>\n",
       "      <th></th>\n",
       "      <th></th>\n",
       "      <th></th>\n",
       "      <th></th>\n",
       "    </tr>\n",
       "  </thead>\n",
       "  <tbody>\n",
       "    <tr>\n",
       "      <th>2023-08-31</th>\n",
       "      <td>-0.011716</td>\n",
       "      <td>-0.014460</td>\n",
       "      <td>-0.010034</td>\n",
       "      <td>0.005683</td>\n",
       "      <td>-0.004592</td>\n",
       "      <td>0.000209</td>\n",
       "      <td>-0.007001</td>\n",
       "      <td>-0.002326</td>\n",
       "      <td>-0.004570</td>\n",
       "      <td>-0.010071</td>\n",
       "    </tr>\n",
       "    <tr>\n",
       "      <th>2023-09-01</th>\n",
       "      <td>0.001060</td>\n",
       "      <td>0.022002</td>\n",
       "      <td>0.034910</td>\n",
       "      <td>0.029776</td>\n",
       "      <td>0.002068</td>\n",
       "      <td>0.005852</td>\n",
       "      <td>0.003070</td>\n",
       "      <td>-0.000222</td>\n",
       "      <td>0.002347</td>\n",
       "      <td>0.006673</td>\n",
       "    </tr>\n",
       "    <tr>\n",
       "      <th>2023-09-04</th>\n",
       "      <td>-0.007363</td>\n",
       "      <td>-0.006878</td>\n",
       "      <td>0.019586</td>\n",
       "      <td>0.046011</td>\n",
       "      <td>0.006255</td>\n",
       "      <td>0.014718</td>\n",
       "      <td>-0.008049</td>\n",
       "      <td>0.003331</td>\n",
       "      <td>-0.000808</td>\n",
       "      <td>0.011630</td>\n",
       "    </tr>\n",
       "    <tr>\n",
       "      <th>2023-09-05</th>\n",
       "      <td>-0.003786</td>\n",
       "      <td>0.010295</td>\n",
       "      <td>-0.006048</td>\n",
       "      <td>0.030468</td>\n",
       "      <td>-0.006090</td>\n",
       "      <td>0.009419</td>\n",
       "      <td>0.012800</td>\n",
       "      <td>0.008059</td>\n",
       "      <td>0.005351</td>\n",
       "      <td>0.003174</td>\n",
       "    </tr>\n",
       "    <tr>\n",
       "      <th>2023-09-06</th>\n",
       "      <td>0.000621</td>\n",
       "      <td>0.005813</td>\n",
       "      <td>-0.010021</td>\n",
       "      <td>0.001762</td>\n",
       "      <td>0.013080</td>\n",
       "      <td>-0.000981</td>\n",
       "      <td>0.009817</td>\n",
       "      <td>-0.000915</td>\n",
       "      <td>0.002104</td>\n",
       "      <td>0.000160</td>\n",
       "    </tr>\n",
       "  </tbody>\n",
       "</table>\n",
       "</div>"
      ],
      "text/plain": [
       "Ticker      ASIANPAINT.NS  BAJFINANCE.NS    BEL.NS  COALINDIA.NS  HDFCBANK.NS  \\\n",
       "Date                                                                            \n",
       "2023-08-31      -0.011716      -0.014460 -0.010034      0.005683    -0.004592   \n",
       "2023-09-01       0.001060       0.022002  0.034910      0.029776     0.002068   \n",
       "2023-09-04      -0.007363      -0.006878  0.019586      0.046011     0.006255   \n",
       "2023-09-05      -0.003786       0.010295 -0.006048      0.030468    -0.006090   \n",
       "2023-09-06       0.000621       0.005813 -0.010021      0.001762     0.013080   \n",
       "\n",
       "Ticker       INFY.NS    ITC.NS     LT.NS  RELIANCE.NS    TCS.NS  \n",
       "Date                                                             \n",
       "2023-08-31  0.000209 -0.007001 -0.002326    -0.004570 -0.010071  \n",
       "2023-09-01  0.005852  0.003070 -0.000222     0.002347  0.006673  \n",
       "2023-09-04  0.014718 -0.008049  0.003331    -0.000808  0.011630  \n",
       "2023-09-05  0.009419  0.012800  0.008059     0.005351  0.003174  \n",
       "2023-09-06 -0.000981  0.009817 -0.000915     0.002104  0.000160  "
      ]
     },
     "execution_count": 39,
     "metadata": {},
     "output_type": "execute_result"
    }
   ],
   "source": [
    "returns.head()"
   ]
  },
  {
   "cell_type": "code",
   "execution_count": 40,
   "id": "9453dd82",
   "metadata": {},
   "outputs": [
    {
     "data": {
      "text/html": [
       "<div>\n",
       "<style scoped>\n",
       "    .dataframe tbody tr th:only-of-type {\n",
       "        vertical-align: middle;\n",
       "    }\n",
       "\n",
       "    .dataframe tbody tr th {\n",
       "        vertical-align: top;\n",
       "    }\n",
       "\n",
       "    .dataframe thead th {\n",
       "        text-align: right;\n",
       "    }\n",
       "</style>\n",
       "<table border=\"1\" class=\"dataframe\">\n",
       "  <thead>\n",
       "    <tr style=\"text-align: right;\">\n",
       "      <th>Ticker</th>\n",
       "      <th>ASIANPAINT.NS</th>\n",
       "      <th>BAJFINANCE.NS</th>\n",
       "      <th>BEL.NS</th>\n",
       "      <th>COALINDIA.NS</th>\n",
       "      <th>HDFCBANK.NS</th>\n",
       "      <th>INFY.NS</th>\n",
       "      <th>ITC.NS</th>\n",
       "      <th>LT.NS</th>\n",
       "      <th>RELIANCE.NS</th>\n",
       "      <th>TCS.NS</th>\n",
       "    </tr>\n",
       "    <tr>\n",
       "      <th>Date</th>\n",
       "      <th></th>\n",
       "      <th></th>\n",
       "      <th></th>\n",
       "      <th></th>\n",
       "      <th></th>\n",
       "      <th></th>\n",
       "      <th></th>\n",
       "      <th></th>\n",
       "      <th></th>\n",
       "      <th></th>\n",
       "    </tr>\n",
       "  </thead>\n",
       "  <tbody>\n",
       "    <tr>\n",
       "      <th>2023-08-31</th>\n",
       "      <td>-0.011716</td>\n",
       "      <td>-0.014460</td>\n",
       "      <td>-0.010034</td>\n",
       "      <td>0.005683</td>\n",
       "      <td>-0.004592</td>\n",
       "      <td>0.000209</td>\n",
       "      <td>-0.007001</td>\n",
       "      <td>-0.002326</td>\n",
       "      <td>-0.004570</td>\n",
       "      <td>-0.010071</td>\n",
       "    </tr>\n",
       "    <tr>\n",
       "      <th>2023-09-01</th>\n",
       "      <td>0.001060</td>\n",
       "      <td>0.022002</td>\n",
       "      <td>0.034910</td>\n",
       "      <td>0.029776</td>\n",
       "      <td>0.002068</td>\n",
       "      <td>0.005852</td>\n",
       "      <td>0.003070</td>\n",
       "      <td>-0.000222</td>\n",
       "      <td>0.002347</td>\n",
       "      <td>0.006673</td>\n",
       "    </tr>\n",
       "    <tr>\n",
       "      <th>2023-09-04</th>\n",
       "      <td>-0.007363</td>\n",
       "      <td>-0.006878</td>\n",
       "      <td>0.019586</td>\n",
       "      <td>0.046011</td>\n",
       "      <td>0.006255</td>\n",
       "      <td>0.014718</td>\n",
       "      <td>-0.008049</td>\n",
       "      <td>0.003331</td>\n",
       "      <td>-0.000808</td>\n",
       "      <td>0.011630</td>\n",
       "    </tr>\n",
       "    <tr>\n",
       "      <th>2023-09-05</th>\n",
       "      <td>-0.003786</td>\n",
       "      <td>0.010295</td>\n",
       "      <td>-0.006048</td>\n",
       "      <td>0.030468</td>\n",
       "      <td>-0.006090</td>\n",
       "      <td>0.009419</td>\n",
       "      <td>0.012800</td>\n",
       "      <td>0.008059</td>\n",
       "      <td>0.005351</td>\n",
       "      <td>0.003174</td>\n",
       "    </tr>\n",
       "    <tr>\n",
       "      <th>2023-09-06</th>\n",
       "      <td>0.000621</td>\n",
       "      <td>0.005813</td>\n",
       "      <td>-0.010021</td>\n",
       "      <td>0.001762</td>\n",
       "      <td>0.013080</td>\n",
       "      <td>-0.000981</td>\n",
       "      <td>0.009817</td>\n",
       "      <td>-0.000915</td>\n",
       "      <td>0.002104</td>\n",
       "      <td>0.000160</td>\n",
       "    </tr>\n",
       "  </tbody>\n",
       "</table>\n",
       "</div>"
      ],
      "text/plain": [
       "Ticker      ASIANPAINT.NS  BAJFINANCE.NS    BEL.NS  COALINDIA.NS  HDFCBANK.NS  \\\n",
       "Date                                                                            \n",
       "2023-08-31      -0.011716      -0.014460 -0.010034      0.005683    -0.004592   \n",
       "2023-09-01       0.001060       0.022002  0.034910      0.029776     0.002068   \n",
       "2023-09-04      -0.007363      -0.006878  0.019586      0.046011     0.006255   \n",
       "2023-09-05      -0.003786       0.010295 -0.006048      0.030468    -0.006090   \n",
       "2023-09-06       0.000621       0.005813 -0.010021      0.001762     0.013080   \n",
       "\n",
       "Ticker       INFY.NS    ITC.NS     LT.NS  RELIANCE.NS    TCS.NS  \n",
       "Date                                                             \n",
       "2023-08-31  0.000209 -0.007001 -0.002326    -0.004570 -0.010071  \n",
       "2023-09-01  0.005852  0.003070 -0.000222     0.002347  0.006673  \n",
       "2023-09-04  0.014718 -0.008049  0.003331    -0.000808  0.011630  \n",
       "2023-09-05  0.009419  0.012800  0.008059     0.005351  0.003174  \n",
       "2023-09-06 -0.000981  0.009817 -0.000915     0.002104  0.000160  "
      ]
     },
     "execution_count": 40,
     "metadata": {},
     "output_type": "execute_result"
    }
   ],
   "source": [
    "returns = returns.dropna()\n",
    "\n",
    "returns.head()"
   ]
  },
  {
   "cell_type": "code",
   "execution_count": 41,
   "id": "6c68bea6",
   "metadata": {},
   "outputs": [],
   "source": [
    "import numpy as np\n",
    "\n",
    "mu = [] # expected returns\n",
    "\n",
    "for stock in stocks:\n",
    "    mean = np.mean(returns[stock])\n",
    "    mu.append(mean)"
   ]
  },
  {
   "cell_type": "code",
   "execution_count": 42,
   "id": "cc162c9d",
   "metadata": {},
   "outputs": [],
   "source": [
    "mu = np.array(mu)"
   ]
  },
  {
   "cell_type": "code",
   "execution_count": 43,
   "id": "a91bde2b",
   "metadata": {},
   "outputs": [
    {
     "data": {
      "text/plain": [
       "array([3.06260349e-04, 7.39714702e-04, 1.26933106e-03, 1.01420239e-03,\n",
       "       3.72004857e-03, 1.38846650e-03, 1.62179643e-04, 3.51028401e-05,\n",
       "       1.38589586e-03, 3.58423808e-03])"
      ]
     },
     "execution_count": 43,
     "metadata": {},
     "output_type": "execute_result"
    }
   ],
   "source": [
    "mu"
   ]
  },
  {
   "cell_type": "code",
   "execution_count": 44,
   "id": "136b7b83",
   "metadata": {},
   "outputs": [
    {
     "data": {
      "text/plain": [
       "(10,)"
      ]
     },
     "execution_count": 44,
     "metadata": {},
     "output_type": "execute_result"
    }
   ],
   "source": [
    "mu.shape"
   ]
  },
  {
   "cell_type": "code",
   "execution_count": 45,
   "id": "cce099dc",
   "metadata": {},
   "outputs": [],
   "source": [
    "V = np.cov(returns, rowvar=False) # covariance matrix"
   ]
  },
  {
   "cell_type": "code",
   "execution_count": 46,
   "id": "c78d3e65",
   "metadata": {},
   "outputs": [
    {
     "data": {
      "text/plain": [
       "array([[1.34677063e-04, 5.49555379e-05, 4.71831021e-05, 4.89812599e-05,\n",
       "        4.42407401e-05, 2.16763573e-05, 3.74868500e-05, 4.51818846e-05,\n",
       "        3.87481900e-05, 3.08065775e-05],\n",
       "       [5.49555379e-05, 2.48451574e-04, 1.23004266e-04, 9.72896666e-05,\n",
       "        6.79706651e-05, 4.75361441e-05, 5.49970657e-05, 1.07424310e-04,\n",
       "        8.38977785e-05, 3.52160114e-05],\n",
       "       [4.71831021e-05, 1.23004266e-04, 5.93140757e-04, 3.32244147e-04,\n",
       "        9.84137478e-05, 4.51701374e-05, 4.68475509e-05, 2.38603298e-04,\n",
       "        1.52804018e-04, 1.55467267e-05],\n",
       "       [4.89812599e-05, 9.72896666e-05, 3.32244147e-04, 4.98360590e-04,\n",
       "        7.17254963e-05, 4.03161831e-05, 5.27975023e-05, 1.82506763e-04,\n",
       "        1.43555315e-04, 2.88698675e-05],\n",
       "       [4.42407401e-05, 6.79706651e-05, 9.84137478e-05, 7.17254963e-05,\n",
       "        1.83791129e-04, 3.14324673e-05, 2.13100182e-05, 7.54484902e-05,\n",
       "        5.76170335e-05, 1.44306014e-05],\n",
       "       [2.16763573e-05, 4.75361441e-05, 4.51701374e-05, 4.03161831e-05,\n",
       "        3.14324673e-05, 1.92403544e-04, 3.18778605e-05, 5.92318337e-05,\n",
       "        3.42714727e-05, 1.27814891e-04],\n",
       "       [3.74868500e-05, 5.49970657e-05, 4.68475509e-05, 5.27975023e-05,\n",
       "        2.13100182e-05, 3.18778605e-05, 1.33882330e-04, 3.56174927e-05,\n",
       "        3.93613153e-05, 2.26486492e-05],\n",
       "       [4.51818846e-05, 1.07424310e-04, 2.38603298e-04, 1.82506763e-04,\n",
       "        7.54484902e-05, 5.92318337e-05, 3.56174927e-05, 2.86286523e-04,\n",
       "        1.16083054e-04, 5.48944564e-05],\n",
       "       [3.87481900e-05, 8.38977785e-05, 1.52804018e-04, 1.43555315e-04,\n",
       "        5.76170335e-05, 3.42714727e-05, 3.93613153e-05, 1.16083054e-04,\n",
       "        1.76602313e-04, 3.61345394e-05],\n",
       "       [3.08065775e-05, 3.52160114e-05, 1.55467267e-05, 2.88698675e-05,\n",
       "        1.44306014e-05, 1.27814891e-04, 2.26486492e-05, 5.48944564e-05,\n",
       "        3.61345394e-05, 1.68439103e-04]])"
      ]
     },
     "execution_count": 46,
     "metadata": {},
     "output_type": "execute_result"
    }
   ],
   "source": [
    "V"
   ]
  },
  {
   "cell_type": "code",
   "execution_count": 47,
   "id": "c1bb7c68",
   "metadata": {},
   "outputs": [
    {
     "data": {
      "text/plain": [
       "(10, 10)"
      ]
     },
     "execution_count": 47,
     "metadata": {},
     "output_type": "execute_result"
    }
   ],
   "source": [
    "V.shape"
   ]
  },
  {
   "cell_type": "code",
   "execution_count": 48,
   "id": "0c378a5a",
   "metadata": {},
   "outputs": [],
   "source": [
    "inv_V = np.linalg.inv(V)"
   ]
  },
  {
   "cell_type": "code",
   "execution_count": 49,
   "id": "9e5103fb",
   "metadata": {},
   "outputs": [
    {
     "data": {
      "text/plain": [
       "array([[ 9.21836240e+03, -9.82595108e+02,  8.51149765e+01,\n",
       "        -2.01437221e+02, -1.49107461e+03,  1.02346502e+03,\n",
       "        -1.69628423e+03, -1.66127752e+02, -3.32680570e+02,\n",
       "        -1.74916971e+03],\n",
       "       [-9.82595108e+02,  5.67666212e+03, -1.92626321e+02,\n",
       "         7.60965054e+01, -8.16019371e+02, -5.84937921e+02,\n",
       "        -1.19714358e+03, -9.56559526e+02, -1.14821196e+03,\n",
       "         2.30420632e+02],\n",
       "       [ 8.51149765e+01, -1.92626321e+02,  3.40151047e+03,\n",
       "        -1.43693629e+03, -3.50642726e+02, -4.58832157e+02,\n",
       "         4.90470757e+01, -1.60141546e+03, -6.60120530e+02,\n",
       "         9.92168283e+02],\n",
       "       [-2.01437221e+02,  7.60965054e+01, -1.43693629e+03,\n",
       "         3.54865833e+03,  4.62683998e+01,  3.42276833e+01,\n",
       "        -3.86854314e+02, -5.41142945e+02, -1.21393582e+03,\n",
       "         4.19222449e+00],\n",
       "       [-1.49107461e+03, -8.16019371e+02, -3.50642726e+02,\n",
       "         4.62683998e+01,  6.89449319e+03, -1.07051711e+03,\n",
       "         2.77196380e+02, -6.62597867e+02, -9.04574936e+02,\n",
       "         1.06213464e+03],\n",
       "       [ 1.02346502e+03, -5.84937921e+02, -4.58832157e+02,\n",
       "         3.42276833e+01, -1.07051711e+03,  1.11614280e+04,\n",
       "        -1.13062313e+03, -1.31276745e+02,  6.52847689e+02,\n",
       "        -8.35144841e+03],\n",
       "       [-1.69628423e+03, -1.19714358e+03,  4.90470757e+01,\n",
       "        -3.86854314e+02,  2.77196380e+02, -1.13062313e+03,\n",
       "         8.92809534e+03,  2.67491817e+02, -8.97780549e+02,\n",
       "         3.61432560e+02],\n",
       "       [-1.66127752e+02, -9.56559526e+02, -1.60141546e+03,\n",
       "        -5.41142945e+02, -6.62597867e+02, -1.31276745e+02,\n",
       "         2.67491817e+02,  6.60685849e+03, -1.59480699e+03,\n",
       "        -1.21970655e+03],\n",
       "       [-3.32680570e+02, -1.14821196e+03, -6.60120530e+02,\n",
       "        -1.21393582e+03, -9.04574936e+02,  6.52847689e+02,\n",
       "        -8.97780549e+02, -1.59480699e+03,  9.51099535e+03,\n",
       "        -1.24788647e+03],\n",
       "       [-1.74916971e+03,  2.30420632e+02,  9.92168283e+02,\n",
       "         4.19222449e+00,  1.06213464e+03, -8.35144841e+03,\n",
       "         3.61432560e+02, -1.21970655e+03, -1.24788647e+03,\n",
       "         1.29791634e+04]])"
      ]
     },
     "execution_count": 49,
     "metadata": {},
     "output_type": "execute_result"
    }
   ],
   "source": [
    "inv_V"
   ]
  },
  {
   "cell_type": "code",
   "execution_count": 50,
   "id": "0002d22f",
   "metadata": {},
   "outputs": [
    {
     "data": {
      "text/plain": [
       "(10, 10)"
      ]
     },
     "execution_count": 50,
     "metadata": {},
     "output_type": "execute_result"
    }
   ],
   "source": [
    "inv_V.shape"
   ]
  },
  {
   "cell_type": "code",
   "execution_count": 51,
   "id": "f1c6c660",
   "metadata": {},
   "outputs": [],
   "source": [
    "ones = np.ones(10)"
   ]
  },
  {
   "cell_type": "code",
   "execution_count": 52,
   "id": "e9d3a6d4",
   "metadata": {},
   "outputs": [
    {
     "data": {
      "text/plain": [
       "(10,)"
      ]
     },
     "execution_count": 52,
     "metadata": {},
     "output_type": "execute_result"
    }
   ],
   "source": [
    "ones.shape"
   ]
  },
  {
   "cell_type": "code",
   "execution_count": 53,
   "id": "d2c8e971",
   "metadata": {},
   "outputs": [],
   "source": [
    "# Estimating optimal mean and variance\n",
    "\n",
    "A = mu.T @ inv_V @ mu\n",
    "B = mu.T @ inv_V @ ones\n",
    "C = ones.T @ inv_V @ones"
   ]
  },
  {
   "cell_type": "code",
   "execution_count": 54,
   "id": "b20c954a",
   "metadata": {},
   "outputs": [
    {
     "name": "stdout",
     "output_type": "stream",
     "text": [
      "A: 0.2095244014615516\n",
      "B: 28.327284122888074\n",
      "C: 17498.501072814026\n"
     ]
    }
   ],
   "source": [
    "print(f\"A: {A}\\nB: {B}\\nC: {C}\")"
   ]
  },
  {
   "cell_type": "code",
   "execution_count": 55,
   "id": "c1241a5a",
   "metadata": {},
   "outputs": [
    {
     "name": "stdout",
     "output_type": "stream",
     "text": [
      "D: 2863.9279379768504\n"
     ]
    }
   ],
   "source": [
    "D = A*C - B**2\n",
    "print(f\"D: {D}\")"
   ]
  },
  {
   "cell_type": "code",
   "execution_count": 56,
   "id": "5dbc811e",
   "metadata": {},
   "outputs": [],
   "source": [
    "# Plot Mean-Variance and Mean-Std.Dev Frontier (Parabolic, Hyperbolic)\n",
    "\n",
    "import matplotlib.pyplot as plt\n",
    "\n",
    "y = np.linspace(-3.5, 7.5, 400) # (B/C) is the return corresponding to minimum variance w_mvp\n",
    "\n",
    "x_var = (C/D) * (y - B/C)**2 + (1/C)\n",
    "x_std = np.sqrt(x_var)"
   ]
  },
  {
   "cell_type": "code",
   "execution_count": 57,
   "id": "55c1fa5f",
   "metadata": {},
   "outputs": [
    {
     "data": {
